muE4 whole line, field maps, nothing scraping
OPALX against G4beamline, same particles, matched one to one

     z   G4BL  OPALX  miss |            mean x [mm] |             rms x [mm] |       emit x [mm mrad]
  [mm]      n      n       |       G4BL      OPALX |       G4BL      OPALX |       G4BL      OPALX
----------------------------------------------------------------------------------------------------------------------
   300  10000  10000     0 |     0.0000     0.0000 |     9.9381     9.9381 |    20.0163    20.0163
   540  10000  10000     0 |     0.0000     0.0000 |     9.9703     9.9703 |    23.6950    23.6917
   800  10000  10000     0 |    -0.0000    -0.0000 |     9.4987     9.4987 |    48.7118    48.7086
  1285  10000  10000     0 |     0.0000     0.0000 |     4.9364     4.9364 |    26.4609    26.4661
  1700  10000  10000     0 |     0.1102     0.1099 |     2.3628     2.3624 |    12.4702    12.4720
  2300  10000  10000     0 |     2.3954     2.3943 |     2.2045     2.2042 |     6.9523     6.9529
  3500  10000  10000     0 |     7.2334     7.2305 |     6.2038     6.2056 |     7.0389     7.0393
  4300  10000  10000     0 |     4.7860     4.7814 |    10.3848    10.3882 |     7.0231     7.0236
  5100  10000  10000     0 |     6.0050     5.9997 |    12.1387    12.1430 |     7.0023     7.0029
  5900  10000  10000     0 |    12.4234    12.4129 |    24.1124    24.1209 |     7.5378     7.5394
  6700  10000  10000     0 |    12.3698    12.3589 |    25.0338    25.0427 |     7.1776     7.1786
  8000  10000  10000     0 |     9.1690     9.1578 |    26.0587    26.0680 |    12.2801    12.2857
  8900  10000  10000     0 |    10.6287    10.6174 |    26.6789    26.6884 |     8.2389     8.2404
  9800  10000  10000     0 |     6.6029     6.5938 |    21.9356    21.9433 |    11.5163    11.5236
 10700  10000  10000     0 |     7.2638     7.2509 |    31.3139    31.3247 |    26.1841    26.2018
 11500  10000  10000     0 |     7.0874     7.0770 |    25.6028    25.6115 |    27.3423    27.3573
 12500  10000  10000     0 |     5.6003     5.5929 |    18.9000    18.9060 |   183.0088   183.0721
 13800  10000  10000     0 |    -1.4144    -1.4164 |    15.0694    15.0703 |   281.6789   281.8069
 15100  10000  10000     0 |    -5.2005    -5.1971 |    28.0447    28.0468 |   154.7372   154.1964
 16400  10000  10000     0 |    -7.3111    -7.3068 |    43.9507    43.9527 |   154.6752   154.1342
 17700  10000  10000     0 |   -12.0468   -12.0402 |    66.7646    66.7616 |  2307.5333  2306.8554
 19250  10000   9986    14 |     0.0599     0.0662 |    18.6299    18.6389 |   443.6605   443.8164

     z |    difference in beam centre and size [um] |        per particle, position [um]
  [mm] |     mean x     mean y      rms x      rms y |     median   99th pct      worst
------------------------------------------------------------------------------------------------
   300 |      -0.00       0.00      -0.00      -0.00 |       0.00       0.05       0.05
   540 |       0.00       0.00      -0.00       0.00 |       0.00       0.05       0.05
   800 |       0.00       0.00      -0.00      -0.00 |       0.00       0.05       0.05
  1285 |       0.00      -0.00       0.00       0.00 |       0.00       0.05       0.05
  1700 |      -0.24      -0.02      -0.35      -0.02 |       0.03       2.08       3.29
  2300 |      -1.03      -0.30      -0.32       0.21 |       0.22       8.94      14.14
  3500 |      -2.92      -0.55       1.83       0.48 |       0.66      25.22      40.06
  4300 |      -4.69      -0.49       3.45       0.43 |       1.09      40.67      64.53
  5100 |      -5.35      -0.53       4.21       0.47 |       1.28      46.57      73.41
  5900 |     -10.49      -0.09       8.52       0.06 |       2.59      91.38     143.59
  6700 |     -10.83       0.37       8.89       0.34 |       2.72      94.58     148.31
  8000 |     -11.13       0.94       9.29       0.84 |       2.89      96.91     152.37
  8900 |     -11.26       1.22       9.49       1.13 |       3.00      98.12     154.00
  9800 |      -9.11       1.72       7.71       1.64 |       2.53      78.58     124.21
 10700 |     -12.85       0.25      10.86       0.10 |       3.65     109.98     174.82
 11500 |     -10.39      -0.78       8.73       1.10 |       3.04      88.77     141.21
 12500 |      -7.41      -1.97       6.01       2.47 |       2.32      64.59     297.91
 13800 |      -2.01      -3.94       0.90       4.97 |       0.99      46.61    1351.62
 15100 |       3.35     -18.04       2.07     147.68 |       0.99      43.99  167261.69
 16400 |       4.23     -24.51       2.04     284.53 |       2.34      83.26  252496.45
 17700 |       6.61     -37.16      -3.01     257.06 |       4.93     165.04  390889.21
 19250 |       6.24     -65.65       9.01     814.92 |       1.22      68.87  645402.95

The same, counting only what fits through the tightest collimator muE4 has
(190 mm across, 105 mm high). Nothing scrapes in this run, so the rows above
include particles the real line would have removed -- and those are exactly
the particles that leave the field maps, where the two codes part company.

     z   kept |            mean x [mm] |             rms x [mm] |             rms y [mm] |     worst
  [mm]   of n |       G4BL      OPALX |       G4BL      OPALX |       G4BL      OPALX |      [um]
--------------------------------------------------------------------------------------------------------
   300  10000 |     0.0000     0.0000 |     9.9381     9.9381 |     3.0496     3.0496 |       0.0
   540  10000 |     0.0000     0.0000 |     9.9703     9.9703 |     3.1998     3.1998 |       0.0
   800  10000 |    -0.0000    -0.0000 |     9.4987     9.4987 |     4.1559     4.1559 |       0.1
  1285  10000 |     0.0000     0.0000 |     4.9364     4.9364 |     5.6574     5.6574 |       0.1
  1700  10000 |     0.1102     0.1099 |     2.3628     2.3624 |     3.1485     3.1485 |       3.3
  2300  10000 |     2.3954     2.3943 |     2.2045     2.2042 |     3.9669     3.9671 |      14.1
  3500  10000 |     7.2334     7.2305 |     6.2038     6.2056 |    12.1194    12.1199 |      40.1
  4300  10000 |     4.7860     4.7814 |    10.3848    10.3882 |    13.3473    13.3477 |      64.5
  5100  10000 |     6.0050     5.9997 |    12.1387    12.1430 |    17.7834    17.7839 |      73.4
  5900  10000 |    12.4234    12.4129 |    24.1124    24.1209 |     5.9844     5.9845 |     143.6
  6700  10000 |    12.3698    12.3589 |    25.0338    25.0427 |     5.6666     5.6669 |     148.3
  8000  10000 |     9.1690     9.1578 |    26.0587    26.0680 |    21.3284    21.3292 |     152.4
  8900   9997 |    10.6149    10.6037 |    26.6704    26.6799 |    28.2874    28.2886 |     154.0
  9800   9889 |     6.5459     6.5369 |    21.7664    21.7739 |    38.3544    38.3560 |     124.2
 10700  10000 |     7.2638     7.2509 |    31.3139    31.3247 |     9.6209     9.6210 |     174.8
 11500  10000 |     7.0874     7.0770 |    25.6028    25.6115 |    10.3713    10.3724 |     141.2
 12500   9950 |     5.6520     5.6446 |    18.7870    18.7931 |    30.7146    30.7169 |      98.7
 13800   8736 |    -1.0278    -1.0297 |     5.3470     5.3484 |    49.8493    49.8519 |      87.5
 15100   9983 |    -4.3549    -4.3508 |     9.9551     9.9590 |    26.5966    26.5978 |     271.1
 16400   9983 |    -6.0898    -6.0810 |    21.3259    21.3336 |     7.9441     7.9461 |     137.0
 17700   9906 |   -10.2495   -10.2315 |    43.2429    43.2583 |    28.1099    28.1129 |     253.8
 19250   9978 |     0.1901     0.1910 |    13.6191    13.6240 |     6.5371     6.5369 |     645.6

At the last plane, z = 19250 mm:
  beam centre x  0.0599 mm (G4BL) vs 0.0662 mm (OPALX), difference 6.2 um
  beam size  x   18.6299 mm vs 18.6389 mm, 0.048 % apart
  beam size  y   18.7191 mm vs 19.5340 mm, 4.353 % apart
  emittance  x   443.6605 vs 443.8164 mm mrad
  per particle   median 1.2 um, worst 645403.0 um

Counting only the 9978 particles inside the real aperture:
  beam size  x   13.6191 mm vs 13.6240 mm, 0.036 % apart
  beam size  y   6.5371 mm vs 6.5369 mm, 0.003 % apart
  worst particle 645.6 um

The same differences as a percentage of the beam itself, because a micrometre
means nothing without knowing whether the beam is 3 mm or 60 mm across there.

     z  beam size |      per particle, % of the beam |           beam size itself
  [mm]       [mm] |     median   99th pct      worst |       % in x       % in y
----------------------------------------------------------------------------------
   300     10.395 |    0.00004    0.00046     0.0005 |      0.00000      0.00000
   540     10.471 |    0.00004    0.00046     0.0005 |      0.00000      0.00000
   800     10.368 |    0.00004    0.00047     0.0005 |      0.00000      0.00000
  1285      7.508 |    0.00005    0.00062     0.0007 |      0.00000      0.00000
  1700      3.936 |    0.00078    0.05279     0.0836 |      0.01492      0.00058
  2300      4.538 |    0.00478    0.19707     0.3116 |      0.01471      0.00520
  3500     13.615 |    0.00487    0.18523     0.2943 |      0.02944      0.00400
  4300     16.911 |    0.00644    0.24052     0.3816 |      0.03325      0.00325
  5100     21.531 |    0.00596    0.21630     0.3409 |      0.03466      0.00263
  5900     24.844 |    0.01043    0.36782     0.5780 |      0.03531      0.00103
  6700     25.667 |    0.01061    0.36847     0.5778 |      0.03552      0.00595
  8000     33.674 |    0.00858    0.28777     0.4525 |      0.03567      0.00394
  8900     38.925 |    0.00771    0.25208     0.3956 |      0.03559      0.00399
  9800     45.741 |    0.00553    0.17180     0.2715 |      0.03517      0.00408
 10700     32.758 |    0.01115    0.33572     0.5337 |      0.03468      0.00109
 11500     27.624 |    0.01101    0.32135     0.5112 |      0.03409      0.01061
 12500     36.992 |    0.00627    0.17462     0.8053 |      0.03178      0.00777
 13800     71.360 |    0.00139    0.06531     1.8941 |      0.00599      0.00712
 15100     42.547 |    0.00232    0.10338   393.1245 |      0.00740      0.46157
 16400     51.168 |    0.00458    0.16272   493.4662 |      0.00464      1.08595
 17700     79.916 |    0.00617    0.20651   489.1255 |      0.00451      0.58529
 19250     26.410 |    0.00462    0.26077  2443.8027 |      0.04836      4.35343

and the same again counting only what fits through the real aperture:

 z [mm]       % in x       % in y
---------------------------------
    300      0.00000      0.00000
    540      0.00000      0.00000
    800      0.00000      0.00000
   1285      0.00000      0.00000
   1700      0.01492      0.00058
   2300      0.01471      0.00520
   3500      0.02944      0.00400
   4300      0.03325      0.00325
   5100      0.03466      0.00263
   5900      0.03531      0.00103
   6700      0.03552      0.00595
   8000      0.03567      0.00394
   8900      0.03559      0.00400
   9800      0.03467      0.00410
  10700      0.03468      0.00109
  11500      0.03409      0.01061
  12500      0.03200      0.00733
  13800      0.02728      0.00520
  15100      0.03965      0.00443
  16400      0.03608      0.02400
  17700      0.03562      0.01081
  19250      0.03640      0.00288
